4294967279,85
4294967279,84
4294967279,83
4294967279,82
4294967279,81
4294967279,80
4294967279,79
4294967279,78
4294967279,77
4294967279,76
4294967279,75
4294967279,74
4294967279,73
4294967279,72
4294967279,71
4294967279,70
4294967279,69
4294967279,68
4294967279,67
4294967279,66
4294967279,65
4294967279,64
4294967279,63
4294967279,62
4294967279,61
4294967279,60
4294967279,59
4294967279,58
4294967279,57
4294967279,215
4294967294,1167
4294967294,1166
4294967294,1164
4294967294,1163
4294967294,1158
4294967294,1019
4294967294,992
4294967294,990
4294967294,989
4294967294,988
4294967294,987
4294967294,60
4294967279,213
4294967279,212
4294967279,211
4294967279,210
4294967278,174
4294967278,88
4294967279,129
4294967279,128
4294967279,127
4294967279,126
4294967279,125
4294967279,124
4294967279,123
4294967279,122
4294967279,121
4294967279,120
4294967279,119
4294967279,118
4294967279,117
4294967279,116
4294967279,115
4294967279,114
4294967279,113
4294967279,112
4294967279,111
4294967279,110
4294967279,109
4294967279,108
4294967279,107
4294967279,106
4294967279,105
4294967279,104
4294967279,103
4294967279,102
4294967279,101
4294967279,100
4294967279,99
4294967279,98
4294967279,96
4294967279,94
4294967279,93
4294967279,92
4294967279,91
4294967279,89
4294967279,87
4294967279,86
4294967279,97
4294967278,208
4294967279,208
4294967294,437
4294967278,205
4294967279,95
4294967279,207
4294967279,206
34,5
4294967279,90
4294967278,204
4294967278,203
34,4
34,3
34,2
34,1
4294967279,545
4294967294,179
4294967294,178
4294967294,108
4294967278,365
4294967279,544
4294967278,364
4294967279,543
4294967278,363
4294967279,542
4294967278,362
4294967278,191
33,5
33,4
4294967278,192
33,3
33,2
33,1
4294967278,190
4294967278,189
4294967279,541
4294967278,361
4294967279,540
31,6
4294967278,360
4294967279,539
4294967279,538
4294967278,359
4294967279,537
4294967279,536
4294967278,178
31,5
31,4
31,3
31,2
31,1
4294967278,171
4294967278,308
4294967278,358
4294967279,535
4294967278,357
4294967278,356
29,6
4294967279,534
4294967278,163
29,5
4294967294,161
4294967294,1011
4294967294,1006
4294967294,1013
4294967294,182
4294967278,161
29,4
29,3
29,2
29,1
4294967278,159
4294967278,355
28,5
4294967278,154
28,4
28,3
28,2
28,1
4294967279,297
4294967278,153
4294967294,468
4294967279,533
4294967279,296
4294967278,302
4294967279,149
27,4
4294967278,149
27,3
27,2
27,1
4294967278,354
4294967278,148
4294967278,300
4294967279,290
4294967278,295
4294967278,294
4294967278,293
4294967279,289
4294967278,353
4294967279,288
4294967278,141
4294967278,352
4294967278,40
4294967278,39
4294967278,38
4294967278,37
4294967278,36
4294967278,35
4294967278,34
4294967278,33
4294967278,32
4294967278,31
4294967278,30
4294967278,29
4294967278,27
4294967278,25
4294967278,24
4294967278,23
4294967278,22
4294967278,20
4294967278,17
4294967278,16
4294967278,15
4294967278,14
4294967278,13
4294967278,12
4294967278,11
4294967278,10
4294967278,9
4294967278,8
4294967278,263
4294967278,7
4294967278,6
4294967278,5
4294967278,259
4294967278,4
4294967279,132
4294967279,131
4294967279,130
4294967279,36
4294967279,34
4294967279,33
4294967279,30
4294967279,28
4294967279,24
4294967279,22
4294967279,17
4294967279,14
4294967279,12
4294967279,10
4294967279,532
4294967278,28
4294967279,139
4294967278,139
4294967279,25
4294967294,473
4294967279,136
4294967278,26
4294967278,138
4294967278,291
4294967279,26
4294967279,137
4294967279,286
4294967278,277
26,5
4294967278,21
4294967279,135
4294967278,135
4294967279,134
26,4
4294967278,134
26,3
26,2
26,1
4294967278,298
4294967279,133
4294967278,133
4294967279,271
4294967279,269
4294967278,272
4294967278,19
4294967278,284
4294967279,19
4294967279,267
4294967278,18
4294967278,275
4294967279,18
4294967279,266
4294967279,282
4294967294,409
4294967294,396
4294967294,395
4294967294,399
4294967294,187
4294967294,1172
4294967294,1173
4294967294,398
4294967294,415
4294967294,116
4294967294,455
4294967294,453
4294967294,112
4294967294,465
4294967279,277
4294967279,278
4294967279,265
4294967279,261
4294967279,263
25,5
25,4
4294967279,262
25,2
25,1
4294967279,275
4294967279,258
4294967279,257
4294967279,256
4294967279,531
4294967278,351
4294967279,281
4294967278,258
4294967278,350
4294967279,253
23,6
4294967278,349
4294967279,530
4294967278,348
4294967279,529
4294967279,528
4294967278,256
4294967279,527
4294967278,347
4294967278,346
4294967279,526
4294967278,345
4294967278,344
4294967279,525
4294967278,343
4294967278,342
4294967279,524
4294967278,253
4294967278,254
23,5
4294967279,523
23,4
4294967278,341
23,3
23,2
23,1
4294967278,252
4294967278,250
4294967278,248
4294967278,246
4294967278,245
4294967294,1000
4294967294,1001
4294967294,186
4294967294,1176
